variant_id	phenotype_id	tss_distance	ma_samples	ma_count	maf	pval_nominal	slope	slope_se	pval_nominal_threshold	min_pval_nominal	pval_beta
chr1_967865_A_G_b38	chr1:999787:999866:clu_32583:ENSG00000188290.10	-32307	88	125	0.484496	3.20293e-07	-0.559994	0.102487	1.59932e-06	6.653e-16	2.71722e-10
chr1_971790_AG_A_b38	chr1:999787:999866:clu_32583:ENSG00000188290.10	-28382	80	98	0.379845	1.71431e-07	0.630277	0.112431	1.59932e-06	6.653e-16	2.71722e-10
chr1_978509_G_A_b38	chr1:999787:999866:clu_32583:ENSG00000188290.10	-21663	88	122	0.472868	1.99341e-08	-0.661681	0.108791	1.59932e-06	6.653e-16	2.71722e-10
chr1_978953_C_G_b38	chr1:999787:999866:clu_32583:ENSG00000188290.10	-21219	86	116	0.449612	1.36773e-07	-0.626289	0.110715	1.59932e-06	6.653e-16	2.71722e-10
chr1_979472_G_C_b38	chr1:999787:999866:clu_32583:ENSG00000188290.10	-20700	88	122	0.472868	1.99341e-08	-0.661681	0.108791	1.59932e-06	6.653e-16	2.71722e-10
chr1_979560_T_C_b38	chr1:999787:999866:clu_32583:ENSG00000188290.10	-20612	91	126	0.488372	2.39515e-10	-0.749614	0.106843	1.59932e-06	6.653e-16	2.71722e-10
chr1_981454_G_A_b38	chr1:999787:999866:clu_32583:ENSG00000188290.10	-18718	89	121	0.468992	1.12259e-09	-0.730256	0.10907	1.59932e-06	6.653e-16	2.71722e-10
chr1_983004_G_T_b38	chr1:999787:999866:clu_32583:ENSG00000188290.10	-17168	91	127	0.492248	2.0579e-10	-0.756208	0.107305	1.59932e-06	6.653e-16	2.71722e-10
chr1_983193_A_G_b38	chr1:999787:999866:clu_32583:ENSG00000188290.10	-16979	90	122	0.472868	5.61186e-10	-0.754387	0.110293	1.59932e-06	6.653e-16	2.71722e-10
chr1_984121_G_T_b38	chr1:999787:999866:clu_32583:ENSG00000188290.10	-16051	95	127	0.492248	1.13328e-09	-0.728548	0.108847	1.59932e-06	6.653e-16	2.71722e-10
chr1_986280_C_T_b38	chr1:999787:999866:clu_32583:ENSG00000188290.10	-13892	54	59	0.228682	7.63372e-07	0.753033	0.14306	1.59932e-06	6.653e-16	2.71722e-10
chr1_986336_C_A_b38	chr1:999787:999866:clu_32583:ENSG00000188290.10	-13836	94	128	0.496124	4.64311e-13	-0.807039	0.0975486	1.59932e-06	6.653e-16	2.71722e-10
chr1_986629_G_A_b38	chr1:999787:999866:clu_32583:ENSG00000188290.10	-13543	54	59	0.228682	7.63372e-07	0.753033	0.14306	1.59932e-06	6.653e-16	2.71722e-10
chr1_989068_GTTGA_G_b38	chr1:999787:999866:clu_32583:ENSG00000188290.10	-11104	91	120	0.465116	2.18874e-14	-0.823885	0.0928465	1.59932e-06	6.653e-16	2.71722e-10
chr1_989148_C_A_b38	chr1:999787:999866:clu_32583:ENSG00000188290.10	-11024	92	124	0.496	3.33274e-15	-0.908183	0.0982769	1.59932e-06	6.653e-16	2.71722e-10
chr1_992361_G_A_b38	chr1:999787:999866:clu_32583:ENSG00000188290.10	-7811	54	59	0.228682	7.63372e-07	0.753033	0.14306	1.59932e-06	6.653e-16	2.71722e-10
chr1_992967_GGGAGGGTCCATGTGTCCGTCATCTGA_G_b38	chr1:999787:999866:clu_32583:ENSG00000188290.10	-7205	91	123	0.476744	4.5443e-15	-0.850933	0.092688	1.59932e-06	6.653e-16	2.71722e-10
chr1_995153_C_G_b38	chr1:999787:999866:clu_32583:ENSG00000188290.10	-5019	84	106	0.410853	1.5356e-10	0.72797	0.102424	1.59932e-06	6.653e-16	2.71722e-10
chr1_995187_A_G_b38	chr1:999787:999866:clu_32583:ENSG00000188290.10	-4985	84	106	0.410853	1.5356e-10	0.72797	0.102424	1.59932e-06	6.653e-16	2.71722e-10
chr1_995371_C_G_b38	chr1:999787:999866:clu_32583:ENSG00000188290.10	-4801	82	104	0.403101	1.03548e-11	0.755696	0.0987225	1.59932e-06	6.653e-16	2.71722e-10
chr1_995786_A_G_b38	chr1:999787:999866:clu_32583:ENSG00000188290.10	-4386	85	108	0.418605	4.00176e-11	0.736285	0.0997436	1.59932e-06	6.653e-16	2.71722e-10
chr1_995982_G_A_b38	chr1:999787:999866:clu_32583:ENSG00000188290.10	-4190	83	106	0.410853	1.9289e-11	0.736002	0.0977496	1.59932e-06	6.653e-16	2.71722e-10
chr1_996168_G_T_b38	chr1:999787:999866:clu_32583:ENSG00000188290.10	-4004	54	59	0.228682	7.63372e-07	0.753033	0.14306	1.59932e-06	6.653e-16	2.71722e-10
chr1_996254_A_AGGGAGGGCAG_b38	chr1:999787:999866:clu_32583:ENSG00000188290.10	-3918	54	59	0.228682	7.63372e-07	0.753033	0.14306	1.59932e-06	6.653e-16	2.71722e-10
chr1_997077_G_A_b38	chr1:999787:999866:clu_32583:ENSG00000188290.10	-3095	54	59	0.228682	7.63372e-07	0.753033	0.14306	1.59932e-06	6.653e-16	2.71722e-10
chr1_998410_G_A_b38	chr1:999787:999866:clu_32583:ENSG00000188290.10	-1762	91	119	0.46124	5.99373e-15	-0.834061	0.0913876	1.59932e-06	6.653e-16	2.71722e-10
chr1_998762_A_AGGGGAGG_b38	chr1:999787:999866:clu_32583:ENSG00000188290.10	-1410	73	95	0.383065	6.71907e-09	-0.647284	0.102472	1.59932e-06	6.653e-16	2.71722e-10
chr1_999842_C_A_b38	chr1:999787:999866:clu_32583:ENSG00000188290.10	-330	92	125	0.484496	6.653e-16	-0.87777	0.0918677	1.59932e-06	6.653e-16	2.71722e-10
chr1_1000335_C_T_b38	chr1:999787:999866:clu_32583:ENSG00000188290.10	163	53	58	0.224806	1.06533e-06	0.745948	0.143843	1.59932e-06	6.653e-16	2.71722e-10
chr1_1000731_C_T_b38	chr1:999787:999866:clu_32583:ENSG00000188290.10	559	92	121	0.468992	5.53371e-14	-0.804888	0.0926017	1.59932e-06	6.653e-16	2.71722e-10
chr1_1002745_G_A_b38	chr1:999787:999866:clu_32583:ENSG00000188290.10	2573	60	66	0.255814	8.65798e-07	0.744019	0.142141	1.59932e-06	6.653e-16	2.71722e-10
chr1_1004625_A_G_b38	chr1:999787:999866:clu_32583:ENSG00000188290.10	4453	88	113	0.437984	4.40821e-11	0.73476	0.0998024	1.59932e-06	6.653e-16	2.71722e-10
chr1_1004716_C_T_b38	chr1:999787:999866:clu_32583:ENSG00000188290.10	4544	94	127	0.492248	5.09444e-15	-0.854472	0.0932999	1.59932e-06	6.653e-16	2.71722e-10
chr1_1005429_C_CA_b38	chr1:999787:999866:clu_32583:ENSG00000188290.10	5257	83	106	0.410853	5.42234e-11	0.728443	0.0995132	1.59932e-06	6.653e-16	2.71722e-10
chr1_1005757_AGCCCCCGCAGCAGT_A_b38	chr1:999787:999866:clu_32583:ENSG00000188290.10	5585	93	126	0.488372	1.90927e-15	-0.845624	0.0904452	1.59932e-06	6.653e-16	2.71722e-10
chr1_1005904_C_T_b38	chr1:999787:999866:clu_32583:ENSG00000188290.10	5732	83	106	0.410853	5.42234e-11	0.728443	0.0995132	1.59932e-06	6.653e-16	2.71722e-10
chr1_1005954_G_A_b38	chr1:999787:999866:clu_32583:ENSG00000188290.10	5782	83	106	0.410853	5.42234e-11	0.728443	0.0995132	1.59932e-06	6.653e-16	2.71722e-10
chr1_1006159_C_T_b38	chr1:999787:999866:clu_32583:ENSG00000188290.10	5987	88	114	0.44186	7.7467e-11	0.716082	0.0988052	1.59932e-06	6.653e-16	2.71722e-10
chr1_1008307_G_C_b38	chr1:999787:999866:clu_32583:ENSG00000188290.10	8135	84	105	0.406977	2.57134e-10	0.742041	0.105985	1.59932e-06	6.653e-16	2.71722e-10
chr1_1008588_C_T_b38	chr1:999787:999866:clu_32583:ENSG00000188290.10	8416	93	123	0.476744	4.82299e-13	-0.791951	0.0958119	1.59932e-06	6.653e-16	2.71722e-10
chr1_1009184_T_C_b38	chr1:999787:999866:clu_32583:ENSG00000188290.10	9012	85	106	0.410853	3.45503e-10	0.732774	0.105581	1.59932e-06	6.653e-16	2.71722e-10
chr1_1014228_G_A_b38	chr1:999787:999866:clu_32583:ENSG00000188290.10	14056	89	110	0.426357	3.08633e-08	0.661423	0.11048	1.59932e-06	6.653e-16	2.71722e-10
chr1_1014733_GAAGT_G_b38	chr1:999787:999866:clu_32583:ENSG00000188290.10	14561	94	124	0.48062	1.11261e-10	-0.717477	0.100018	1.59932e-06	6.653e-16	2.71722e-10
chr1_1014863_A_C_b38	chr1:999787:999866:clu_32583:ENSG00000188290.10	14691	83	102	0.395349	8.07099e-09	0.705349	0.112363	1.59932e-06	6.653e-16	2.71722e-10
chr1_1015297_T_C_b38	chr1:999787:999866:clu_32583:ENSG00000188290.10	15125	92	121	0.468992	4.19345e-10	-0.704298	0.102067	1.59932e-06	6.653e-16	2.71722e-10
chr1_1015903_C_T_b38	chr1:999787:999866:clu_32583:ENSG00000188290.10	15731	92	122	0.472868	3.22294e-09	-0.669876	0.103485	1.59932e-06	6.653e-16	2.71722e-10
chr1_1015915_C_T_b38	chr1:999787:999866:clu_32583:ENSG00000188290.10	15743	92	122	0.472868	3.22294e-09	-0.669876	0.103485	1.59932e-06	6.653e-16	2.71722e-10
chr1_1016184_A_G_b38	chr1:999787:999866:clu_32583:ENSG00000188290.10	16012	85	105	0.406977	7.57387e-08	0.641532	0.110823	1.59932e-06	6.653e-16	2.71722e-10
chr1_1016623_G_A_b38	chr1:999787:999866:clu_32583:ENSG00000188290.10	16451	83	102	0.395349	3.4624e-09	0.711691	0.110204	1.59932e-06	6.653e-16	2.71722e-10
chr1_1017048_G_A_b38	chr1:999787:999866:clu_32583:ENSG00000188290.10	16876	92	125	0.488281	1.63522e-12	-0.775895	0.0967012	1.59932e-06	6.653e-16	2.71722e-10
chr1_1018572_G_A_b38	chr1:999787:999866:clu_32583:ENSG00000188290.10	18400	93	125	0.484496	4.34944e-12	-0.780154	0.0996544	1.59932e-06	6.653e-16	2.71722e-10
chr1_1018652_C_G_b38	chr1:999787:999866:clu_32583:ENSG00000188290.10	18480	76	91	0.352713	7.40783e-08	0.662769	0.114394	1.59932e-06	6.653e-16	2.71722e-10
chr1_1018754_G_A_b38	chr1:999787:999866:clu_32583:ENSG00000188290.10	18582	76	91	0.352713	7.40783e-08	0.662769	0.114394	1.59932e-06	6.653e-16	2.71722e-10
chr1_1019397_C_A_b38	chr1:999787:999866:clu_32583:ENSG00000188290.10	19225	93	125	0.484496	4.34944e-12	-0.780154	0.0996544	1.59932e-06	6.653e-16	2.71722e-10
chr1_1020217_G_T_b38	chr1:999787:999866:clu_32583:ENSG00000188290.10	20045	75	90	0.348837	1.54543e-07	0.638025	0.11334	1.59932e-06	6.653e-16	2.71722e-10
chr1_1021472_C_T_b38	chr1:999787:999866:clu_32583:ENSG00000188290.10	21300	95	128	0.496124	1.96429e-09	-0.671588	0.102099	1.59932e-06	6.653e-16	2.71722e-10
chr1_1021740_G_C_b38	chr1:999787:999866:clu_32583:ENSG00000188290.10	21568	75	90	0.348837	1.17974e-07	0.647148	0.113735	1.59932e-06	6.653e-16	2.71722e-10
chr1_1022518_G_T_b38	chr1:999787:999866:clu_32583:ENSG00000188290.10	22346	78	95	0.368217	1.20632e-07	0.620202	0.109095	1.59932e-06	6.653e-16	2.71722e-10
chr1_1022868_A_G_b38	chr1:999787:999866:clu_32583:ENSG00000188290.10	22696	82	101	0.391473	3.70491e-09	0.674434	0.104668	1.59932e-06	6.653e-16	2.71722e-10
chr1_1023351_A_G_b38	chr1:999787:999866:clu_32583:ENSG00000188290.10	23179	83	100	0.387597	2.15766e-08	0.676395	0.111526	1.59932e-06	6.653e-16	2.71722e-10
chr1_1023525_A_G_b38	chr1:999787:999866:clu_32583:ENSG00000188290.10	23353	84	100	0.387597	9.5995e-08	0.665135	0.115957	1.59932e-06	6.653e-16	2.71722e-10
chr1_1023573_A_G_b38	chr1:999787:999866:clu_32583:ENSG00000188290.10	23401	86	102	0.395349	1.79831e-07	0.656198	0.11728	1.59932e-06	6.653e-16	2.71722e-10
chr1_1023775_G_A_b38	chr1:999787:999866:clu_32583:ENSG00000188290.10	23603	86	118	0.457364	7.13868e-10	-0.667567	0.098319	1.59932e-06	6.653e-16	2.71722e-10
chr1_1023789_G_C_b38	chr1:999787:999866:clu_32583:ENSG00000188290.10	23617	92	125	0.484496	2.23974e-10	-0.688941	0.0980023	1.59932e-06	6.653e-16	2.71722e-10
chr1_1023851_G_A_b38	chr1:999787:999866:clu_32583:ENSG00000188290.10	23679	85	113	0.437984	3.26833e-09	-0.665024	0.102783	1.59932e-06	6.653e-16	2.71722e-10
chr1_1024462_C_T_b38	chr1:999787:999866:clu_32583:ENSG00000188290.10	24290	81	97	0.375969	2.25083e-07	0.662554	0.119501	1.59932e-06	6.653e-16	2.71722e-10
chr1_1025029_G_C_b38	chr1:999787:999866:clu_32583:ENSG00000188290.10	24857	91	124	0.48062	2.88522e-09	-0.668892	0.10296	1.59932e-06	6.653e-16	2.71722e-10
chr1_1026084_G_T_b38	chr1:999787:999866:clu_32583:ENSG00000188290.10	25912	78	93	0.360465	1.2177e-06	0.619962	0.120278	1.59932e-06	6.653e-16	2.71722e-10
chr1_1027511_C_T_b38	chr1:999787:999866:clu_32583:ENSG00000188290.10	27339	95	128	0.496124	8.7075e-08	-0.613363	0.106528	1.59932e-06	6.653e-16	2.71722e-10
chr1_1032278_C_T_b38	chr1:999787:999866:clu_32583:ENSG00000188290.10	32106	91	123	0.476744	4.93905e-09	-0.667122	0.104525	1.59932e-06	6.653e-16	2.71722e-10
chr1_1034835_G_C_b38	chr1:999787:999866:clu_32583:ENSG00000188290.10	34663	96	129	0.5	1.30765e-07	-0.614601	0.108455	1.59932e-06	6.653e-16	2.71722e-10
chr1_1036800_G_A_b38	chr1:999787:999866:clu_32583:ENSG00000188290.10	36628	94	127	0.492248	1.28552e-07	-0.595323	0.104982	1.59932e-06	6.653e-16	2.71722e-10
chr1_1043223_CCT_C_b38	chr1:999787:999866:clu_32583:ENSG00000188290.10	43051	88	119	0.46124	2.3893e-08	-0.618596	0.102371	1.59932e-06	6.653e-16	2.71722e-10
chr1_1048922_T_C_b38	chr1:999787:999866:clu_32583:ENSG00000188290.10	48750	91	125	0.484496	6.89577e-07	-0.54512	0.103098	1.59932e-06	6.653e-16	2.71722e-10
chr1_1068249_C_T_b38	chr1:999787:999866:clu_32583:ENSG00000188290.10	68077	69	84	0.325581	1.33261e-06	-0.615774	0.11996	1.59932e-06	6.653e-16	2.71722e-10
chr1_978509_G_A_b38	chr1:1063201:1065830:clu_32596:ENSG00000217801.9	-81225	88	122	0.472868	1.25157e-07	-0.773801	0.136312	3.40334e-06	4.68951e-12	1.02574e-07
chr1_978953_C_G_b38	chr1:1063201:1065830:clu_32596:ENSG00000217801.9	-80781	86	116	0.449612	8.95148e-08	-0.781174	0.135818	3.40334e-06	4.68951e-12	1.02574e-07
chr1_979472_G_C_b38	chr1:1063201:1065830:clu_32596:ENSG00000217801.9	-80262	88	122	0.472868	1.25157e-07	-0.773801	0.136312	3.40334e-06	4.68951e-12	1.02574e-07
chr1_979560_T_C_b38	chr1:1063201:1065830:clu_32596:ENSG00000217801.9	-80174	91	126	0.488372	7.48431e-08	-0.804368	0.138889	3.40334e-06	4.68951e-12	1.02574e-07
chr1_981454_G_A_b38	chr1:1063201:1065830:clu_32596:ENSG00000217801.9	-78280	89	121	0.468992	5.76563e-08	-0.815354	0.139393	3.40334e-06	4.68951e-12	1.02574e-07
chr1_983004_G_T_b38	chr1:1063201:1065830:clu_32596:ENSG00000217801.9	-76730	91	127	0.492248	1.03542e-07	-0.80133	0.140114	3.40334e-06	4.68951e-12	1.02574e-07
chr1_983193_A_G_b38	chr1:1063201:1065830:clu_32596:ENSG00000217801.9	-76541	90	122	0.472868	5.29415e-08	-0.831905	0.141766	3.40334e-06	4.68951e-12	1.02574e-07
chr1_986336_C_A_b38	chr1:1063201:1065830:clu_32596:ENSG00000217801.9	-73398	94	128	0.496124	5.77052e-07	-0.730641	0.137115	3.40334e-06	4.68951e-12	1.02574e-07
chr1_989068_GTTGA_G_b38	chr1:1063201:1065830:clu_32596:ENSG00000217801.9	-70666	91	120	0.465116	7.21418e-07	-0.710398	0.134624	3.40334e-06	4.68951e-12	1.02574e-07
chr1_992967_GGGAGGGTCCATGTGTCCGTCATCTGA_G_b38	chr1:1063201:1065830:clu_32596:ENSG00000217801.9	-66767	91	123	0.476744	5.3895e-07	-0.727102	0.136047	3.40334e-06	4.68951e-12	1.02574e-07
chr1_995153_C_G_b38	chr1:1063201:1065830:clu_32596:ENSG00000217801.9	-64581	84	106	0.410853	3.92796e-07	0.735615	0.13579	3.40334e-06	4.68951e-12	1.02574e-07
chr1_995187_A_G_b38	chr1:1063201:1065830:clu_32596:ENSG00000217801.9	-64547	84	106	0.410853	3.92796e-07	0.735615	0.13579	3.40334e-06	4.68951e-12	1.02574e-07
chr1_995371_C_G_b38	chr1:1063201:1065830:clu_32596:ENSG00000217801.9	-64363	82	104	0.403101	6.81869e-07	0.713899	0.134953	3.40334e-06	4.68951e-12	1.02574e-07
chr1_995786_A_G_b38	chr1:1063201:1065830:clu_32596:ENSG00000217801.9	-63948	85	108	0.418605	6.98915e-07	0.711512	0.134647	3.40334e-06	4.68951e-12	1.02574e-07
chr1_995982_G_A_b38	chr1:1063201:1065830:clu_32596:ENSG00000217801.9	-63752	83	106	0.410853	7.03199e-07	0.701967	0.132877	3.40334e-06	4.68951e-12	1.02574e-07
chr1_998410_G_A_b38	chr1:1063201:1065830:clu_32596:ENSG00000217801.9	-61324	91	119	0.46124	1.07727e-06	-0.697926	0.134651	3.40334e-06	4.68951e-12	1.02574e-07
chr1_999842_C_A_b38	chr1:1063201:1065830:clu_32596:ENSG00000217801.9	-59892	92	125	0.484496	3.53368e-07	-0.744356	0.136791	3.40334e-06	4.68951e-12	1.02574e-07
chr1_1000731_C_T_b38	chr1:1063201:1065830:clu_32596:ENSG00000217801.9	-59003	92	121	0.468992	1.07006e-06	-0.692588	0.133581	3.40334e-06	4.68951e-12	1.02574e-07
chr1_1004625_A_G_b38	chr1:1063201:1065830:clu_32596:ENSG00000217801.9	-55109	88	113	0.437984	8.22852e-07	0.707239	0.134808	3.40334e-06	4.68951e-12	1.02574e-07
chr1_1004716_C_T_b38	chr1:1063201:1065830:clu_32596:ENSG00000217801.9	-55018	94	127	0.492248	1.14322e-06	-0.712104	0.137757	3.40334e-06	4.68951e-12	1.02574e-07
chr1_1005429_C_CA_b38	chr1:1063201:1065830:clu_32596:ENSG00000217801.9	-54305	83	106	0.410853	2.29422e-06	0.677753	0.135439	3.40334e-06	4.68951e-12	1.02574e-07
chr1_1005757_AGCCCCCGCAGCAGT_A_b38	chr1:1063201:1065830:clu_32596:ENSG00000217801.9	-53977	93	126	0.488372	1.87897e-06	-0.684099	0.135418	3.40334e-06	4.68951e-12	1.02574e-07
chr1_1005904_C_T_b38	chr1:1063201:1065830:clu_32596:ENSG00000217801.9	-53830	83	106	0.410853	2.29422e-06	0.677753	0.135439	3.40334e-06	4.68951e-12	1.02574e-07
chr1_1005954_G_A_b38	chr1:1063201:1065830:clu_32596:ENSG00000217801.9	-53780	83	106	0.410853	2.29422e-06	0.677753	0.135439	3.40334e-06	4.68951e-12	1.02574e-07
chr1_1006159_C_T_b38	chr1:1063201:1065830:clu_32596:ENSG00000217801.9	-53575	88	114	0.44186	1.46175e-06	0.682174	0.133463	3.40334e-06	4.68951e-12	1.02574e-07
